bezier
118.6 138.4 91.3 95.5 69 120.1 85.6 136.6
bezier
85.6 136.6 124.8 175.4 97.6 202.19 85.4 207.8
bezier
85.4 207.8 71.4 214.3 57.5 237.9 75.7 254.2
bezier
75.7 254.2 75.7 276.1 63.6 267.6 63.6 276.4
bezier
63.6 276.4 63.6 297.7 56.9 301.9 47.9 305.9
bezier
47.9 305.9 37.2 312.2 37.4 318.8 43.7 329.1
bezier
43.7 329.1 46.7 333.9 43.7 342.5 26.4 350.9
bezier
26.4 350.9 17.4 355.3 26.4 372.1 40.8 379.5
bezier
40.8 379.5 48.1 383.3 53.9 371.3 60 355.4
bezier
60 355.4 66.6 338.1 84 346.5 107.8 315.7
bezier
107.8 315.7 112.5 309.7 115.3 303.8 136.5 293.8
bezier
136.5 293.8 142.9 290.7 135 321.9 155.4 333.7
bezier
155.4 333.7 162.1 337.5 172.6 331.3 172.8 295.9
bezier
172.8 295.9 173 283.7 183.4 287.9 184 323.7
bezier
184 323.7 185 331.2 142.3 342.6 189.7 346.4
bezier
189.7 346.4 199 347.1 213.2 330.4 212.6 348.1
bezier
212.6 348.1 212.1 358.8 195.8 354.3 199.5 360
bezier
199.5 360 206.7 371.3 233 360 345.4 364.7
bezier
345.4 364.7 355.1 364.1 405.1 399 462.3 384.2
bezier
462.3 384.2 475.5 380.8 455.3 367.2 469.3 340.4
bezier
469.3 340.4 484.4 311.5 484.7 248.9 452.4 222.5
bezier
452.4 222.5 441.3 213.4 448.2 201.3 423.9 201
bezier
423.9 201 413.6 200.9 404.8 170.5 358.6 179.1
bezier
358.6 179.1 326.7 185 325.2 135.7 311.1 148.1
bezier
311.1 148.1 288.8 167.7 296.1 134.3 270.7 115.5
bezier
270.7 115.5 258.3 106.3 242.8 119.4 252.9 129.6
bezier
252.9 129.6 259.6 136.5 218.6 157 207.9 150.5
bezier
207.9 150.5 195.6 143 190.4 142.9 180.2 154.2
bezier
180.2 154.2 169.9 165.6 152.4 165 141.3 160.6
bezier
141.3 160.6 120.4 152.2 126.3 150.5 118.6 138.4
display